STEP 1
[[0, 0, 1, 9, 8, 4, 7, 6, 0],
 [6, 0, 0, 0, 5, 7, 0, 0, 0],
 [8, 0, 7, 0, 1, 0, 0, 0, 0],
 [9, 6, 0, 3, 0, 8, 1, 0, 5],
 [1, 8, 5, 0, 2, 0, 0, 7, 3],
 [3, 0, 0, 0, 0, 0, 2, 0, 8],
 [2, 1, 0, 0, 0, 0, 0, 3, 6],
 [0, 0, 0, 1, 0, 0, 0, 0, 4],
 [0, 9, 6, 0, 0, 2, 5, 1, 0]]
STEP 2
[[5, 0, 1, 9, 8, 4, 7, 6, 0], [6, 0, 0, 0, 5, 7, 0, 0, 0], [8, 0, 7, 0, 1, 0, 0, 0, 0], [9, 6, 0, 3, 0, 8, 1, 0, 5], [1, 8, 5, 0, 2, 0, 0, 7, 3], [3, 0, 0, 0, 0, 0, 2, 0, 8], [2, 1, 0, 0, 0, 0, 0, 3, 6], [0, 0, 0, 1, 0, 0, 0, 0, 4], [0, 9, 6, 0, 0, 2, 5, 1, 0]]
STEP 3
[[5, 2, 1, 9, 8, 4, 7, 6, 0], [6, 0, 0, 0, 5, 7, 0, 0, 0], [8, 0, 7, 0, 1, 0, 0, 0, 0], [9, 6, 0, 3, 0, 8, 1, 0, 5], [1, 8, 5, 0, 2, 0, 0, 7, 3], [3, 0, 0, 0, 0, 0, 2, 0, 8], [2, 1, 0, 0, 0, 0, 0, 3, 6], [0, 0, 0, 1, 0, 0, 0, 0, 4], [0, 9, 6, 0, 0, 2, 5, 1, 0]]
STEP 4
[[5, 3, 1, 9, 8, 4, 7, 6, 0], [6, 0, 0, 0, 5, 7, 0, 0, 0], [8, 0, 7, 0, 1, 0, 0, 0, 0], [9, 6, 0, 3, 0, 8, 1, 0, 5], [1, 8, 5, 0, 2, 0, 0, 7, 3], [3, 0, 0, 0, 0, 0, 2, 0, 8], [2, 1, 0, 0, 0, 0, 0, 3, 6], [0, 0, 0, 1, 0, 0, 0, 0, 4], [0, 9, 6, 0, 0, 2, 5, 1, 0]]
STEP 5
[[5, 3, 1, 9, 8, 4, 7, 6, 2], [6, 0, 0, 0, 5, 7, 0, 0, 0], [8, 0, 7, 0, 1, 0, 0, 0, 0], [9, 6, 0, 3, 0, 8, 1, 0, 5], [1, 8, 5, 0, 2, 0, 0, 7, 3], [3, 0, 0, 0, 0, 0, 2, 0, 8], [2, 1, 0, 0, 0, 0, 0, 3, 6], [0, 0, 0, 1, 0, 0, 0, 0, 4], [0, 9, 6, 0, 0, 2, 5, 1, 0]]
STEP 6
[[5, 3, 1, 9, 8, 4, 7, 6, 2], [6, 2, 0, 0, 5, 7, 0, 0, 0], [8, 0, 7, 0, 1, 0, 0, 0, 0], [9, 6, 0, 3, 0, 8, 1, 0, 5], [1, 8, 5, 0, 2, 0, 0, 7, 3], [3, 0, 0, 0, 0, 0, 2, 0, 8], [2, 1, 0, 0, 0, 0, 0, 3, 6], [0, 0, 0, 1, 0, 0, 0, 0, 4], [0, 9, 6, 0, 0, 2, 5, 1, 0]]
STEP 7
[[5, 3, 1, 9, 8, 4, 7, 6, 2], [6, 2, 4, 0, 5, 7, 0, 0, 0], [8, 0, 7, 0, 1, 0, 0, 0, 0], [9, 6, 0, 3, 0, 8, 1, 0, 5], [1, 8, 5, 0, 2, 0, 0, 7, 3], [3, 0, 0, 0, 0, 0, 2, 0, 8], [2, 1, 0, 0, 0, 0, 0, 3, 6], [0, 0, 0, 1, 0, 0, 0, 0, 4], [0, 9, 6, 0, 0, 2, 5, 1, 0]]
STEP 8
[[5, 3, 1, 9, 8, 4, 7, 6, 2], [6, 2, 9, 0, 5, 7, 0, 0, 0], [8, 0, 7, 0, 1, 0, 0, 0, 0], [9, 6, 0, 3, 0, 8, 1, 0, 5], [1, 8, 5, 0, 2, 0, 0, 7, 3], [3, 0, 0, 0, 0, 0, 2, 0, 8], [2, 1, 0, 0, 0, 0, 0, 3, 6], [0, 0, 0, 1, 0, 0, 0, 0, 4], [0, 9, 6, 0, 0, 2, 5, 1, 0]]
STEP 9
[[5, 3, 1, 9, 8, 4, 7, 6, 2], [6, 4, 0, 0, 5, 7, 0, 0, 0], [8, 0, 7, 0, 1, 0, 0, 0, 0], [9, 6, 0, 3, 0, 8, 1, 0, 5], [1, 8, 5, 0, 2, 0, 0, 7, 3], [3, 0, 0, 0, 0, 0, 2, 0, 8], [2, 1, 0, 0, 0, 0, 0, 3, 6], [0, 0, 0, 1, 0, 0, 0, 0, 4], [0, 9, 6, 0, 0, 2, 5, 1, 0]]
STEP 10
[[5, 3, 1, 9, 8, 4, 7, 6, 2], [6, 4, 2, 0, 5, 7, 0, 0, 0], [8, 0, 7, 0, 1, 0, 0, 0, 0], [9, 6, 0, 3, 0, 8, 1, 0, 5], [1, 8, 5, 0, 2, 0, 0, 7, 3], [3, 0, 0, 0, 0, 0, 2, 0, 8], [2, 1, 0, 0, 0, 0, 0, 3, 6], [0, 0, 0, 1, 0, 0, 0, 0, 4], [0, 9, 6, 0, 0, 2, 5, 1, 0]]
STEP 11
[[5, 3, 1, 9, 8, 4, 7, 6, 2], [6, 4, 9, 0, 5, 7, 0, 0, 0], [8, 0, 7, 0, 1, 0, 0, 0, 0], [9, 6, 0, 3, 0, 8, 1, 0, 5], [1, 8, 5, 0, 2, 0, 0, 7, 3], [3, 0, 0, 0, 0, 0, 2, 0, 8], [2, 1, 0, 0, 0, 0, 0, 3, 6], [0, 0, 0, 1, 0, 0, 0, 0, 4], [0, 9, 6, 0, 0, 2, 5, 1, 0]]
STEP 12
[[5, 3, 1, 9, 8, 4, 7, 6, 2], [6, 4, 9, 2, 5, 7, 0, 0, 0], [8, 0, 7, 0, 1, 0, 0, 0, 0], [9, 6, 0, 3, 0, 8, 1, 0, 5], [1, 8, 5, 0, 2, 0, 0, 7, 3], [3, 0, 0, 0, 0, 0, 2, 0, 8], [2, 1, 0, 0, 0, 0, 0, 3, 6], [0, 0, 0, 1, 0, 0, 0, 0, 4], [0, 9, 6, 0, 0, 2, 5, 1, 0]]
STEP 13
[[5, 3, 1, 9, 8, 4, 7, 6, 2], [6, 4, 9, 2, 5, 7, 3, 0, 0], [8, 0, 7, 0, 1, 0, 0, 0, 0], [9, 6, 0, 3, 0, 8, 1, 0, 5], [1, 8, 5, 0, 2, 0, 0, 7, 3], [3, 0, 0, 0, 0, 0, 2, 0, 8], [2, 1, 0, 0, 0, 0, 0, 3, 6], [0, 0, 0, 1, 0, 0, 0, 0, 4], [0, 9, 6, 0, 0, 2, 5, 1, 0]]
STEP 14
[[5, 3, 1, 9, 8, 4, 7, 6, 2], [6, 4, 9, 2, 5, 7, 3, 8, 0], [8, 0, 7, 0, 1, 0, 0, 0, 0], [9, 6, 0, 3, 0, 8, 1, 0, 5], [1, 8, 5, 0, 2, 0, 0, 7, 3], [3, 0, 0, 0, 0, 0, 2, 0, 8], [2, 1, 0, 0, 0, 0, 0, 3, 6], [0, 0, 0, 1, 0, 0, 0, 0, 4], [0, 9, 6, 0, 0, 2, 5, 1, 0]]
STEP 15
[[5, 3, 1, 9, 8, 4, 7, 6, 2], [6, 4, 9, 2, 5, 7, 3, 8, 1], [8, 0, 7, 0, 1, 0, 0, 0, 0], [9, 6, 0, 3, 0, 8, 1, 0, 5], [1, 8, 5, 0, 2, 0, 0, 7, 3], [3, 0, 0, 0, 0, 0, 2, 0, 8], [2, 1, 0, 0, 0, 0, 0, 3, 6], [0, 0, 0, 1, 0, 0, 0, 0, 4], [0, 9, 6, 0, 0, 2, 5, 1, 0]]
STEP 16
[[5, 3, 1, 9, 8, 4, 7, 6, 2], [6, 4, 9, 2, 5, 7, 3, 8, 1], [8, 2, 7, 0, 1, 0, 0, 0, 0], [9, 6, 0, 3, 0, 8, 1, 0, 5], [1, 8, 5, 0, 2, 0, 0, 7, 3], [3, 0, 0, 0, 0, 0, 2, 0, 8], [2, 1, 0, 0, 0, 0, 0, 3, 6], [0, 0, 0, 1, 0, 0, 0, 0, 4], [0, 9, 6, 0, 0, 2, 5, 1, 0]]
STEP 17
[[5, 3, 1, 9, 8, 4, 7, 6, 2], [6, 4, 9, 2, 5, 7, 3, 8, 1], [8, 2, 7, 6, 1, 0, 0, 0, 0], [9, 6, 0, 3, 0, 8, 1, 0, 5], [1, 8, 5, 0, 2, 0, 0, 7, 3], [3, 0, 0, 0, 0, 0, 2, 0, 8], [2, 1, 0, 0, 0, 0, 0, 3, 6], [0, 0, 0, 1, 0, 0, 0, 0, 4], [0, 9, 6, 0, 0, 2, 5, 1, 0]]
STEP 18
[[5, 3, 1, 9, 8, 4, 7, 6, 2], [6, 4, 9, 2, 5, 7, 3, 8, 1], [8, 2, 7, 6, 1, 3, 0, 0, 0], [9, 6, 0, 3, 0, 8, 1, 0, 5], [1, 8, 5, 0, 2, 0, 0, 7, 3], [3, 0, 0, 0, 0, 0, 2, 0, 8], [2, 1, 0, 0, 0, 0, 0, 3, 6], [0, 0, 0, 1, 0, 0, 0, 0, 4], [0, 9, 6, 0, 0, 2, 5, 1, 0]]
STEP 19
[[5, 3, 1, 9, 8, 4, 7, 6, 2], [6, 4, 9, 2, 5, 7, 3, 8, 1], [8, 2, 7, 6, 1, 3, 4, 0, 0], [9, 6, 0, 3, 0, 8, 1, 0, 5], [1, 8, 5, 0, 2, 0, 0, 7, 3], [3, 0, 0, 0, 0, 0, 2, 0, 8], [2, 1, 0, 0, 0, 0, 0, 3, 6], [0, 0, 0, 1, 0, 0, 0, 0, 4], [0, 9, 6, 0, 0, 2, 5, 1, 0]]
STEP 20
[[5, 3, 1, 9, 8, 4, 7, 6, 2], [6, 4, 9, 2, 5, 7, 3, 8, 1], [8, 2, 7, 6, 1, 3, 4, 5, 0], [9, 6, 0, 3, 0, 8, 1, 0, 5], [1, 8, 5, 0, 2, 0, 0, 7, 3], [3, 0, 0, 0, 0, 0, 2, 0, 8], [2, 1, 0, 0, 0, 0, 0, 3, 6], [0, 0, 0, 1, 0, 0, 0, 0, 4], [0, 9, 6, 0, 0, 2, 5, 1, 0]]
STEP 21
[[5, 3, 1, 9, 8, 4, 7, 6, 2], [6, 4, 9, 2, 5, 7, 3, 8, 1], [8, 2, 7, 6, 1, 3, 4, 5, 9], [9, 6, 0, 3, 0, 8, 1, 0, 5], [1, 8, 5, 0, 2, 0, 0, 7, 3], [3, 0, 0, 0, 0, 0, 2, 0, 8], [2, 1, 0, 0, 0, 0, 0, 3, 6], [0, 0, 0, 1, 0, 0, 0, 0, 4], [0, 9, 6, 0, 0, 2, 5, 1, 0]]
STEP 22
[[5, 3, 1, 9, 8, 4, 7, 6, 2], [6, 4, 9, 2, 5, 7, 3, 8, 1], [8, 2, 7, 6, 1, 3, 4, 5, 9], [9, 6, 2, 3, 0, 8, 1, 0, 5], [1, 8, 5, 0, 2, 0, 0, 7, 3], [3, 0, 0, 0, 0, 0, 2, 0, 8], [2, 1, 0, 0, 0, 0, 0, 3, 6], [0, 0, 0, 1, 0, 0, 0, 0, 4], [0, 9, 6, 0, 0, 2, 5, 1, 0]]
STEP 23
[[5, 3, 1, 9, 8, 4, 7, 6, 2], [6, 4, 9, 2, 5, 7, 3, 8, 1], [8, 2, 7, 6, 1, 3, 4, 5, 9], [9, 6, 2, 3, 4, 8, 1, 0, 5], [1, 8, 5, 0, 2, 0, 0, 7, 3], [3, 0, 0, 0, 0, 0, 2, 0, 8], [2, 1, 0, 0, 0, 0, 0, 3, 6], [0, 0, 0, 1, 0, 0, 0, 0, 4], [0, 9, 6, 0, 0, 2, 5, 1, 0]]
STEP 24
[[5, 3, 1, 9, 8, 4, 7, 6, 2], [6, 4, 9, 2, 5, 7, 3, 8, 1], [8, 2, 7, 6, 1, 3, 4, 5, 9], [9, 6, 2, 3, 7, 8, 1, 0, 5], [1, 8, 5, 0, 2, 0, 0, 7, 3], [3, 0, 0, 0, 0, 0, 2, 0, 8], [2, 1, 0, 0, 0, 0, 0, 3, 6], [0, 0, 0, 1, 0, 0, 0, 0, 4], [0, 9, 6, 0, 0, 2, 5, 1, 0]]
STEP 25
[[5, 3, 1, 9, 8, 4, 7, 6, 2], [6, 4, 9, 2, 5, 7, 3, 8, 1], [8, 2, 7, 6, 1, 3, 4, 5, 9], [9, 6, 2, 3, 7, 8, 1, 4, 5], [1, 8, 5, 0, 2, 0, 0, 7, 3], [3, 0, 0, 0, 0, 0, 2, 0, 8], [2, 1, 0, 0, 0, 0, 0, 3, 6], [0, 0, 0, 1, 0, 0, 0, 0, 4], [0, 9, 6, 0, 0, 2, 5, 1, 0]]
STEP 26
[[5, 3, 1, 9, 8, 4, 7, 6, 2], [6, 4, 9, 2, 5, 7, 3, 8, 1], [8, 2, 7, 6, 1, 3, 4, 5, 9], [9, 6, 2, 3, 7, 8, 1, 4, 5], [1, 8, 5, 4, 2, 0, 0, 7, 3], [3, 0, 0, 0, 0, 0, 2, 0, 8], [2, 1, 0, 0, 0, 0, 0, 3, 6], [0, 0, 0, 1, 0, 0, 0, 0, 4], [0, 9, 6, 0, 0, 2, 5, 1, 0]]
STEP 27
[[5, 3, 1, 9, 8, 4, 7, 6, 2], [6, 4, 9, 2, 5, 7, 3, 8, 1], [8, 2, 7, 6, 1, 3, 4, 5, 9], [9, 6, 2, 3, 7, 8, 1, 4, 5], [1, 8, 5, 4, 2, 6, 0, 7, 3], [3, 0, 0, 0, 0, 0, 2, 0, 8], [2, 1, 0, 0, 0, 0, 0, 3, 6], [0, 0, 0, 1, 0, 0, 0, 0, 4], [0, 9, 6, 0, 0, 2, 5, 1, 0]]
STEP 28
[[5, 3, 1, 9, 8, 4, 7, 6, 2], [6, 4, 9, 2, 5, 7, 3, 8, 1], [8, 2, 7, 6, 1, 3, 4, 5, 9], [9, 6, 2, 3, 7, 8, 1, 4, 5], [1, 8, 5, 4, 2, 6, 9, 7, 3], [3, 0, 0, 0, 0, 0, 2, 0, 8], [2, 1, 0, 0, 0, 0, 0, 3, 6], [0, 0, 0, 1, 0, 0, 0, 0, 4], [0, 9, 6, 0, 0, 2, 5, 1, 0]]
STEP 29
[[5, 3, 1, 9, 8, 4, 7, 6, 2], [6, 4, 9, 2, 5, 7, 3, 8, 1], [8, 2, 7, 6, 1, 3, 4, 5, 9], [9, 6, 2, 3, 7, 8, 1, 4, 5], [1, 8, 5, 4, 2, 6, 9, 7, 3], [3, 7, 0, 0, 0, 0, 2, 0, 8], [2, 1, 0, 0, 0, 0, 0, 3, 6], [0, 0, 0, 1, 0, 0, 0, 0, 4], [0, 9, 6, 0, 0, 2, 5, 1, 0]]
STEP 30
[[5, 3, 1, 9, 8, 4, 7, 6, 2], [6, 4, 9, 2, 5, 7, 3, 8, 1], [8, 2, 7, 6, 1, 3, 4, 5, 9], [9, 6, 2, 3, 7, 8, 1, 4, 5], [1, 8, 5, 4, 2, 6, 9, 7, 3], [3, 7, 4, 0, 0, 0, 2, 0, 8], [2, 1, 0, 0, 0, 0, 0, 3, 6], [0, 0, 0, 1, 0, 0, 0, 0, 4], [0, 9, 6, 0, 0, 2, 5, 1, 0]]
STEP 31
[[5, 3, 1, 9, 8, 4, 7, 6, 2], [6, 4, 9, 2, 5, 7, 3, 8, 1], [8, 2, 7, 6, 1, 3, 4, 5, 9], [9, 6, 2, 3, 7, 8, 1, 4, 5], [1, 8, 5, 4, 2, 6, 9, 7, 3], [3, 7, 4, 5, 0, 0, 2, 0, 8], [2, 1, 0, 0, 0, 0, 0, 3, 6], [0, 0, 0, 1, 0, 0, 0, 0, 4], [0, 9, 6, 0, 0, 2, 5, 1, 0]]
STEP 32
[[5, 3, 1, 9, 8, 4, 7, 6, 2], [6, 4, 9, 2, 5, 7, 3, 8, 1], [8, 2, 7, 6, 1, 3, 4, 5, 9], [9, 6, 2, 3, 7, 8, 1, 4, 5], [1, 8, 5, 4, 2, 6, 9, 7, 3], [3, 7, 4, 5, 9, 0, 2, 0, 8], [2, 1, 0, 0, 0, 0, 0, 3, 6], [0, 0, 0, 1, 0, 0, 0, 0, 4], [0, 9, 6, 0, 0, 2, 5, 1, 0]]
STEP 33
[[5, 3, 1, 9, 8, 4, 7, 6, 2], [6, 4, 9, 2, 5, 7, 3, 8, 1], [8, 2, 7, 6, 1, 3, 4, 5, 9], [9, 6, 2, 3, 7, 8, 1, 4, 5], [1, 8, 5, 4, 2, 6, 9, 7, 3], [3, 7, 4, 5, 9, 1, 2, 0, 8], [2, 1, 0, 0, 0, 0, 0, 3, 6], [0, 0, 0, 1, 0, 0, 0, 0, 4], [0, 9, 6, 0, 0, 2, 5, 1, 0]]
STEP 34
[[5, 3, 1, 9, 8, 4, 7, 6, 2], [6, 4, 9, 2, 5, 7, 3, 8, 1], [8, 2, 7, 6, 1, 3, 4, 5, 9], [9, 6, 2, 3, 7, 8, 1, 4, 5], [1, 8, 5, 4, 2, 9, 0, 7, 3], [3, 0, 0, 0, 0, 0, 2, 0, 8], [2, 1, 0, 0, 0, 0, 0, 3, 6], [0, 0, 0, 1, 0, 0, 0, 0, 4], [0, 9, 6, 0, 0, 2, 5, 1, 0]]
STEP 35
[[5, 3, 1, 9, 8, 4, 7, 6, 2], [6, 4, 9, 2, 5, 7, 3, 8, 1], [8, 2, 7, 6, 1, 3, 4, 5, 9], [9, 6, 2, 3, 7, 8, 1, 4, 5], [1, 8, 5, 4, 2, 9, 6, 7, 3], [3, 0, 0, 0, 0, 0, 2, 0, 8], [2, 1, 0, 0, 0, 0, 0, 3, 6], [0, 0, 0, 1, 0, 0, 0, 0, 4], [0, 9, 6, 0, 0, 2, 5, 1, 0]]
STEP 36
[[5, 3, 1, 9, 8, 4, 7, 6, 2], [6, 4, 9, 2, 5, 7, 3, 8, 1], [8, 2, 7, 6, 1, 3, 4, 5, 9], [9, 6, 2, 3, 7, 8, 1, 4, 5], [1, 8, 5, 4, 2, 9, 6, 7, 3], [3, 7, 0, 0, 0, 0, 2, 0, 8], [2, 1, 0, 0, 0, 0, 0, 3, 6], [0, 0, 0, 1, 0, 0, 0, 0, 4], [0, 9, 6, 0, 0, 2, 5, 1, 0]]
STEP 37
[[5, 3, 1, 9, 8, 4, 7, 6, 2], [6, 4, 9, 2, 5, 7, 3, 8, 1], [8, 2, 7, 6, 1, 3, 4, 5, 9], [9, 6, 2, 3, 7, 8, 1, 4, 5], [1, 8, 5, 4, 2, 9, 6, 7, 3], [3, 7, 4, 0, 0, 0, 2, 0, 8], [2, 1, 0, 0, 0, 0, 0, 3, 6], [0, 0, 0, 1, 0, 0, 0, 0, 4], [0, 9, 6, 0, 0, 2, 5, 1, 0]]
STEP 38
[[5, 3, 1, 9, 8, 4, 7, 6, 2], [6, 4, 9, 2, 5, 7, 3, 8, 1], [8, 2, 7, 6, 1, 3, 4, 5, 9], [9, 6, 2, 3, 7, 8, 1, 4, 5], [1, 8, 5, 4, 2, 9, 6, 7, 3], [3, 7, 4, 5, 0, 0, 2, 0, 8], [2, 1, 0, 0, 0, 0, 0, 3, 6], [0, 0, 0, 1, 0, 0, 0, 0, 4], [0, 9, 6, 0, 0, 2, 5, 1, 0]]
STEP 39
[[5, 3, 1, 9, 8, 4, 7, 6, 2], [6, 4, 9, 2, 5, 7, 3, 8, 1], [8, 2, 7, 6, 1, 3, 4, 5, 9], [9, 6, 2, 3, 7, 8, 1, 4, 5], [1, 8, 5, 4, 2, 9, 6, 7, 3], [3, 7, 4, 5, 6, 0, 2, 0, 8], [2, 1, 0, 0, 0, 0, 0, 3, 6], [0, 0, 0, 1, 0, 0, 0, 0, 4], [0, 9, 6, 0, 0, 2, 5, 1, 0]]
STEP 40
[[5, 3, 1, 9, 8, 4, 7, 6, 2], [6, 4, 9, 2, 5, 7, 3, 8, 1], [8, 2, 7, 6, 1, 3, 4, 5, 9], [9, 6, 2, 3, 7, 8, 1, 4, 5], [1, 8, 5, 4, 2, 9, 6, 7, 3], [3, 7, 4, 5, 6, 1, 2, 0, 8], [2, 1, 0, 0, 0, 0, 0, 3, 6], [0, 0, 0, 1, 0, 0, 0, 0, 4], [0, 9, 6, 0, 0, 2, 5, 1, 0]]
STEP 41
[[5, 3, 1, 9, 8, 4, 7, 6, 2], [6, 4, 9, 2, 5, 7, 3, 8, 1], [8, 2, 7, 6, 1, 3, 4, 5, 9], [9, 6, 2, 3, 7, 8, 1, 4, 5], [1, 8, 5, 4, 2, 9, 6, 7, 3], [3, 7, 4, 5, 6, 1, 2, 9, 8], [2, 1, 0, 0, 0, 0, 0, 3, 6], [0, 0, 0, 1, 0, 0, 0, 0, 4], [0, 9, 6, 0, 0, 2, 5, 1, 0]]
STEP 42
[[5, 3, 1, 9, 8, 4, 7, 6, 2], [6, 4, 9, 2, 5, 7, 3, 8, 1], [8, 2, 7, 6, 1, 3, 4, 5, 9], [9, 6, 2, 3, 7, 8, 1, 4, 5], [1, 8, 5, 4, 2, 9, 6, 7, 3], [3, 7, 4, 5, 6, 1, 2, 9, 8], [2, 1, 8, 0, 0, 0, 0, 3, 6], [0, 0, 0, 1, 0, 0, 0, 0, 4], [0, 9, 6, 0, 0, 2, 5, 1, 0]]
STEP 43
[[5, 3, 1, 9, 8, 4, 7, 6, 2], [6, 4, 9, 2, 5, 7, 3, 8, 1], [8, 2, 7, 6, 1, 3, 4, 5, 9], [9, 6, 2, 3, 7, 8, 1, 4, 5], [1, 8, 5, 4, 2, 9, 6, 7, 3], [3, 7, 4, 5, 6, 1, 2, 9, 8], [2, 1, 8, 7, 0, 0, 0, 3, 6], [0, 0, 0, 1, 0, 0, 0, 0, 4], [0, 9, 6, 0, 0, 2, 5, 1, 0]]
STEP 44
[[5, 3, 1, 9, 8, 4, 7, 6, 2], [6, 4, 9, 2, 5, 7, 3, 8, 1], [8, 2, 7, 6, 1, 3, 4, 5, 9], [9, 6, 2, 3, 7, 8, 1, 4, 5], [1, 8, 5, 4, 2, 9, 6, 7, 3], [3, 7, 4, 5, 6, 1, 2, 9, 8], [2, 1, 8, 7, 4, 0, 0, 3, 6], [0, 0, 0, 1, 0, 0, 0, 0, 4], [0, 9, 6, 0, 0, 2, 5, 1, 0]]
STEP 45
[[5, 3, 1, 9, 8, 4, 7, 6, 2], [6, 4, 9, 2, 5, 7, 3, 8, 1], [8, 2, 7, 6, 1, 3, 4, 5, 9], [9, 6, 2, 3, 7, 8, 1, 4, 5], [1, 8, 5, 4, 2, 9, 6, 7, 3], [3, 7, 4, 5, 6, 1, 2, 9, 8], [2, 1, 8, 7, 4, 5, 0, 3, 6], [0, 0, 0, 1, 0, 0, 0, 0, 4], [0, 9, 6, 0, 0, 2, 5, 1, 0]]
STEP 46
[[5, 3, 1, 9, 8, 4, 7, 6, 2], [6, 4, 9, 2, 5, 7, 3, 8, 1], [8, 2, 7, 6, 1, 3, 4, 5, 9], [9, 6, 2, 3, 7, 8, 1, 4, 5], [1, 8, 5, 4, 2, 9, 6, 7, 3], [3, 7, 4, 5, 6, 1, 2, 9, 8], [2, 1, 8, 7, 4, 5, 9, 3, 6], [0, 0, 0, 1, 0, 0, 0, 0, 4], [0, 9, 6, 0, 0, 2, 5, 1, 0]]
STEP 47
[[5, 3, 1, 9, 8, 4, 7, 6, 2], [6, 4, 9, 2, 5, 7, 3, 8, 1], [8, 2, 7, 6, 1, 3, 4, 5, 9], [9, 6, 2, 3, 7, 8, 1, 4, 5], [1, 8, 5, 4, 2, 9, 6, 7, 3], [3, 7, 4, 5, 6, 1, 2, 9, 8], [2, 1, 8, 7, 4, 5, 9, 3, 6], [7, 0, 0, 1, 0, 0, 0, 0, 4], [0, 9, 6, 0, 0, 2, 5, 1, 0]]
STEP 48
[[5, 3, 1, 9, 8, 4, 7, 6, 2], [6, 4, 9, 2, 5, 7, 3, 8, 1], [8, 2, 7, 6, 1, 3, 4, 5, 9], [9, 6, 2, 3, 7, 8, 1, 4, 5], [1, 8, 5, 4, 2, 9, 6, 7, 3], [3, 7, 4, 5, 6, 1, 2, 9, 8], [2, 1, 8, 7, 4, 5, 9, 3, 6], [7, 5, 0, 1, 0, 0, 0, 0, 4], [0, 9, 6, 0, 0, 2, 5, 1, 0]]
STEP 49
[[5, 3, 1, 9, 8, 4, 7, 6, 2], [6, 4, 9, 2, 5, 7, 3, 8, 1], [8, 2, 7, 6, 1, 3, 4, 5, 9], [9, 6, 2, 3, 7, 8, 1, 4, 5], [1, 8, 5, 4, 2, 9, 6, 7, 3], [3, 7, 4, 5, 6, 1, 2, 9, 8], [2, 1, 8, 7, 4, 5, 9, 3, 6], [7, 5, 3, 1, 0, 0, 0, 0, 4], [0, 9, 6, 0, 0, 2, 5, 1, 0]]
STEP 50
[[5, 3, 1, 9, 8, 4, 7, 6, 2], [6, 4, 9, 2, 5, 7, 3, 8, 1], [8, 2, 7, 6, 1, 3, 4, 5, 9], [9, 6, 2, 3, 7, 8, 1, 4, 5], [1, 8, 5, 4, 2, 9, 6, 7, 3], [3, 7, 4, 5, 6, 1, 2, 9, 8], [2, 1, 8, 7, 4, 5, 9, 3, 6], [7, 5, 3, 1, 9, 0, 0, 0, 4], [0, 9, 6, 0, 0, 2, 5, 1, 0]]
STEP 51
[[5, 3, 1, 9, 8, 4, 7, 6, 2], [6, 4, 9, 2, 5, 7, 3, 8, 1], [8, 2, 7, 6, 1, 3, 4, 5, 9], [9, 6, 2, 3, 7, 8, 1, 4, 5], [1, 8, 5, 4, 2, 9, 6, 7, 3], [3, 7, 4, 5, 6, 1, 2, 9, 8], [2, 1, 8, 7, 4, 5, 9, 3, 6], [7, 5, 3, 1, 9, 6, 0, 0, 4], [0, 9, 6, 0, 0, 2, 5, 1, 0]]
STEP 52
[[5, 3, 1, 9, 8, 4, 7, 6, 2], [6, 4, 9, 2, 5, 7, 3, 8, 1], [8, 2, 7, 6, 1, 3, 4, 5, 9], [9, 6, 2, 3, 7, 8, 1, 4, 5], [1, 8, 5, 4, 2, 9, 6, 7, 3], [3, 7, 4, 5, 6, 1, 2, 9, 8], [2, 1, 8, 7, 4, 5, 9, 3, 6], [7, 5, 3, 1, 9, 6, 8, 0, 4], [0, 9, 6, 0, 0, 2, 5, 1, 0]]
STEP 53
[[5, 3, 1, 9, 8, 4, 7, 6, 2], [6, 4, 9, 2, 5, 7, 3, 8, 1], [8, 2, 7, 6, 1, 3, 4, 5, 9], [9, 6, 2, 3, 7, 8, 1, 4, 5], [1, 8, 5, 4, 2, 9, 6, 7, 3], [3, 7, 4, 5, 6, 1, 2, 9, 8], [2, 1, 8, 7, 4, 5, 9, 3, 6], [7, 5, 3, 1, 9, 6, 8, 2, 4], [0, 9, 6, 0, 0, 2, 5, 1, 0]]
STEP 54 
[[5, 3, 1, 9, 8, 4, 7, 6, 2], [6, 4, 9, 2, 5, 7, 3, 8, 1], [8, 2, 7, 6, 1, 3, 4, 5, 9], [9, 6, 2, 3, 7, 8, 1, 4, 5], [1, 8, 5, 4, 2, 9, 6, 7, 3], [3, 7, 4, 5, 6, 1, 2, 9, 8], [2, 1, 8, 7, 4, 5, 9, 3, 6], [7, 5, 3, 1, 9, 6, 8, 2, 4], [4, 9, 6, 0, 0, 2, 5, 1, 0]]
STEP 55
[[5, 3, 1, 9, 8, 4, 7, 6, 2], [6, 4, 9, 2, 5, 7, 3, 8, 1], [8, 2, 7, 6, 1, 3, 4, 5, 9], [9, 6, 2, 3, 7, 8, 1, 4, 5], [1, 8, 5, 4, 2, 9, 6, 7, 3], [3, 7, 4, 5, 6, 1, 2, 9, 8], [2, 1, 8, 7, 4, 5, 9, 3, 6], [7, 5, 3, 1, 9, 6, 8, 2, 4], [4, 9, 6, 8, 0, 2, 5, 1, 0]]
STEP 56
[[5, 3, 1, 9, 8, 4, 7, 6, 2], [6, 4, 9, 2, 5, 7, 3, 8, 1], [8, 2, 7, 6, 1, 3, 4, 5, 9], [9, 6, 2, 3, 7, 8, 1, 4, 5], [1, 8, 5, 4, 2, 9, 6, 7, 3], [3, 7, 4, 5, 6, 1, 2, 9, 8], [2, 1, 8, 7, 4, 5, 9, 3, 6], [7, 5, 3, 1, 9, 6, 8, 2, 4], [4, 9, 6, 8, 3, 2, 5, 1, 0]]
STEP 57
[[5, 3, 1, 9, 8, 4, 7, 6, 2], [6, 4, 9, 2, 5, 7, 3, 8, 1], [8, 2, 7, 6, 1, 3, 4, 5, 9], [9, 6, 2, 3, 7, 8, 1, 4, 5], [1, 8, 5, 4, 2, 9, 6, 7, 3], [3, 7, 4, 5, 6, 1, 2, 9, 8], [2, 1, 8, 7, 4, 5, 9, 3, 6], [7, 5, 3, 1, 9, 6, 8, 2, 4], [4, 9, 6, 8, 3, 2, 5, 1, 7]]

HERE EACH AND EVERY STEP SHOWS HOW THE SOLUTION HAS WENT FOR EVERY POSSIBEL COLLECTION SET WHOCH THE EMPTY COLUMN HAS TAKEN.
